body_to_camera: {
  qx: 0.5000000,
  qy: 0.5000000,
  qz: 0.5000000,
  qw: 0.5000000,
  tx: 0.1648810,
  ty: -0.008998,
  tz: 0.0573760 }
